22430266
22547652
21127264
26577933
21478912
28881700
30142194
16007073
28791027
25578878
15186779
23187807
17525332
20729858
29641966
22425584
24573384
26927665
24994606
20010306
21178863
24047651
17524167
26099018
26115659
18184862
17290298
14674885
21753187
20008221
27649245
21993670
18058912
26130695
27843138
29069760
18073771
20436459
9627118
26619011
25819228
25501392
11498575
25024380
25643323
19935646
20577214
21190999
15309560
29726819
28958502
29348129
21147854
19940256
12417015
21995386
10412986
18488160
15640352
19084573
25941111
17417655
25586593
17713478
26804652
24607278
20407015
26876602
24074955
28919011
30733993
19070627
25232030
19290937
25853938
29848728
27856601
24127483
24148618
8824883
29618722
21822268
23525106
15037740
17961178
29398449
27331020
27296647
20395419
20531296
16166635
23624299
15113441
30025280
14871975
20054396
20171147
28215400
15218148
27848178
8114739
27634205
12417014
14636569
17761849
8389468
21811608
22090360
29625055
28794128
27320729
22417203
16373402
24654603
16934487
8668202
31175292
24713656
18508994
23634996
29564225
23047478
27063598
29361779
29371009
30223465
28991513
17980166
11960693
24829203
18264101
16959974
30345884
26766444
24416653
25875127
7624324
20400977
25359991
12805229
1826653
30094412
21937134
12345678
28783719
18722178
29864379
26598507
21603316
21828143
11948179
15156182
16358218
23558173
28914604
27034432
8630376
29187493
21340158
28238438
16720834
24495407
8484122
20570890
27505670
25152371
8555498
18708577
7889565
24715763
22431510
19071119
24362818
25017204
23507534
11027663
23112189
20494930
23361220
31285369
8816445
26629066
22862837
19879149
26085207
23935381
24433485
26437031
26184075
26608094
30126895
19228619
29559584
25729925
19225112
12842894
29604063
29625895
27016798
25510268
9882102
29361468
26352686
25743594
25435214
21445056
19756449
11607838
7721432
24240680
26187614
22158541
21576631
18053174
9202419
27245147
28484014
21364637
29072370
10706881
19264984
28386724
30410870
8465201
26398719
17646408
28589954
23630318
20457952
3319692
22994785
2757057
22179786
22406360
25634208
23297823
26541825
19326470
15604238
19797732
17486076
20952405
26842708
23245996
9607582
29232554
16377174
20396593
17320161
29596782
22878500
29291002
8401592
16740708
25519132
21779513
19813013
22689681
25116689
9430682
21502284
20022809
21343560
29872168
16034366
7521911
19652529
12955091
23870127
15837627
18438430
19603525
29088768
7534140
26615022
26048680
28450740
22323446
20154675
16455956
15225548
25331116
20484225
18172006
22113614
28970362
28934680
11525835
17910045
19844164
23000897
15994285
22239438
28608976
25527793
8576192
24496383
21109693
9019154
9008162
11006133
22490330
24915894
14660596
27820802
20871615
25980440
22959412
11509652
17117415
25049392
25486562
21725049
24943832
24347639
26998897
11673408
29151359
17726160
8231232
15220931
26773734
23738943
30126842
27872090
24142871
27480103
10373409
25267526
17925383
26358502
7660130
26004083
24583395
31127191
19364481
17924331
9042909
25550361
17361230
28352668
18726070
24069021
29437592
18835266
23940119
12130661
26992948
23539629
12805412
2156629
8040889
24465590
24524305
23036577
17471238
20697090
26175413
10913441
16968214
28514688
27428416
30108712
8122112
23539443
1439759
25652455
29599126
9679053
19799798
27694895
23787126
29617662
12497061
23622243
23680147
18280240
27090891
24882434
28804123
27463065
25344691
2000388
12923059
25333622
28805820
15949438
20347313
26729443
20228059
10978354
29950346
20182602
22829185
20505730
23147254
29105242
24416237
24450857
21799892
8985011
19032956
20368469
21034216
11818965
25894969
24115439
24863881
21157483
29967253
8663299
25078495
30651634
24476821
21179087
28284557
24751816
18408710
28588020
22446329
12019211
19438505
10417300
15694833
8078582
30096875
30072953
23693078
30404791
30997845
26593718
23442912
12569143
16417579
31564718
26674224
11030338
23562425
23455880
23475934
27818917
18579750
11292874
15313458
21056083
22841931
10529422
30659024
12090986
25565961
24434212
21763698
21481529
20018849
30381403
29535300
30559419
25126726
18337559
17942397
24554720
25311244
24951466
26701849
30411536
30470940
22279422
27282254
29289837
26265035
22932795
20139093
16818621
2228750
23861464
16271883
12203795
22713868
22837180
19075190
24480624
26247885
23443307
29093181
25753223
22710932
22137796
15994296
24444711
29769264
27716909
10802669
24583008
28572092
27655433
28179281
14654001
16061630
28115373
24136165
26822575
22271902
25772309
22128285
24074870
25686104
15659725
8107888
7799936
21232794
23143595
24390348
24686849
26586702
29880869
22158988
24614649
28717008
22992590
30567092
2659437
21042801
12235209
19367498
21972110
22134537
22539336
3469651
22193408
25164765
9630227
26493028
27148356
9734363
9830621
30209701
28963353
28720765
28490463
20308656
24809833
21478295
29247016
30472601
27829436
28645941
24335498
22042271
24095279
9851768
28418267
28070990
17389360
25110071
19277035
22678057
23093672
24060861
29382756
29514917
27959755
19811560
26294719
25972157
29046866
18494608
26439302
25361812
24549055
23974116
23248257
16861262
11106744
19815555
15156185
24251790
11430828
20444807
22125492
28602620
25728682
23051187
8758903
10090408
30076146
30517979
24789103
8642861
20739657
26216197
25715771
25119042
25617598
24825865
29288251
23867514
21881046
25889843
22039264
17318210
23974956
29056344
1285125
11050151
24915778
25482556
29072975
23010802
2993740
17312329
24909511
16040610
24869804
15793561
23487764
28143872
12153165
28611190
10416984
25964599
22885699
23873310
24391648
29408281
14593182
25920683
16247467
17805327
24113188
24498424
15279796
27503198
26151455
9351836
26108219
24905007
22101340
31331874
16687402
7685763
26031915
19558493
23836506
28837162
23894344
23552869
9315664
2531289
9690672
25399570
23719267
22649091
18552176
19865100
20038735
26990290
21731065
23904035
8402890
29748447
15899849
1388271
18986508
17417627
30361262
26790531
27519304
28209843
26220856
10706856
8630516
19276253
18799622
24333356
10201372
29290612
8162072
24013231
26794871
12471242
25712683
8967953
29079855
27236105
25450385
12417016
19289372
10929008
13130303
20212049
15229283
12359864
14571137
24986690
22341969
29157973
24714587
29420175
30586141
27919910
29018079
23180629
19519322
27578511
12080086
24418439
16786514
21167753
29795413
17311002
27060156
2811537
26735014
25493630
23730497
27007846
24967369
21714648
28473536
24003208
15790786
15302918
22201816
25088422
8942985
25870145
31690555
27191891
18814923
12032772
2022183
24503810
20818610
27904766
18223652
26792260
15994883
10933392
22923433
29741984
24448499
14743206
26625313
12432043
19666869
22262462
26391404
21536911
15103331
20609353
23620406
21993244
11780067
30150451
27449094
16051643
25693834
29315911
8733129
24854081
12094235
25335741
8358790
15077147
26658103
23612969
30872781
19068082
25043302
29057546
21163703
29988143
14564011
22192845
24512939
28072762
30341384
26472029
25583177
16051734
8259518
8987657
24526115
21298110
16246179
21753750
16518393
30237864
23792361
8649389
11290608
1946382
25490446
29615404
21941365
21508972
15339043
25026279
29414941
27780855
10981963
14522256
20923864
26200345
15880523
9399897
15064709
24362935
18772890
29515801
12661005
18439893
23104868
28852199
7660122
12694227
21094160
26602815
23508829
9219694
22500797
23584343
21030981
24691965
29080750
22033490
29463802
24478400
24778394
23246812
20123894
23347099
15680455
26057211
21385898
22528774
22202063
26316776
24642870
29301960
21326949
24933606
17356133
20147967
29376519
25642963
18450602
29464027
26192917
16738328
26982322
29581176
21779441
7910552
7490075
15772072
30782187
27507209
21597332
24832538
24435047
23229552
19458356
30041662
30914738
30791227
24849811
20190810
28147323
20194776
27118408
24289924
28578601
24953190
20601953
26980726
10702024
27102345
19459657
27180681
17496922
30205516
22237106
8085155
26251043
17379095
11426547
18794803
21779504
24488880
22147512
23143597
21390126
28409567
28145866
9830059
29344091
23150719
26321680
20084085
28584253
21654818
21956414
25494299
23781511
24213472
23959892
24058806
26849014
20871596
23512829
27711255
12569362
19692680
26872047
24584070
15951308
26818906
21575681
24326135
21948191
24334454
27628032
23160954
28223278
25123655
27573755
26529540
24398777
18390729
23303475
26037647
28605616
12857754
10706620
15572695
25387058
11870224
28424163
20573926
12700230
3015991
21703425
17626883
25193870
24809777
31094920
17625606
26449662
19966803
26800490
26308386
9337181
23242416
10872469
15186775
28979142
17875937
16051612
18682296
25092778
8898208
9819405
21791429
25001882
20015288
29860938
23000145
22081015
21543897
18757409
16598769
9528806
20924972
19412164
26051236
21273304
25888649
7655472
25997828
26028666
15691758
15585319
15280015
15472075
17417775
27803324
29998005
30626916
29483135
11346656
29401002
24368734
28795426
21575863
15826831
23582259
21174539
9334731
12433372
30057198
11861482
26514226
17711506
30477734
19372556
24691964
25265492
6092966
23748007
10880430
25263595
19422821
26918217
25901584
19773259
23908768
29898407
25712104
27301673
27599530
21670455
19165418
15520190
8657155
11704759
20951314
25931582
24415441
22150006
22722839
29795445
26124281
17379597
26464811
18829572
16129368
25998713
16002670
22337149
21343334
23333767
25480824
18303999
17699797
9528748
21196221
22628566
23020132
24861832
10523656
25976245
8663317
27338794
21333379
28791631
26566875
11085505
27932068
30568173
28741521
12467250
21724828
25006131
14982868
22422826
26522984
29156836
26466571
27869160
23364291
11156223
21343360
27002761
31583077
23792360
15671020
17510365
25085902
22065581
27578174
15265858
22510762
19351884
23142077
28262558
20884631
20354191
20221251
24098673
20096807
15203199
22301675
16724054
28470469
16595706
28906590
17667941
21163962
9671767
5890672
17344859
291969
28389374
23956221
19029958
9031620
24496303
19160540
12941272
10945975
23295735
24905006
27908594
26955619
9819404
30346772
29979965
23619563
28069605
11479223
28619709
28596308
19131547
19536888
30145641
24382691
23840364
22343534
24047479
15814878
29524560
24763061
25225064
18316592
22267219
29344641
11782540
22571487
8999800
15510160
17055429
25965569
22435813
17129787
26240174
21326211
20360384
16682010
23475955
22031865
19138562
24265153
29937400
15994174
28741511
24360397
10445844
20094046
9225981
9067756
21156949
28199314
25370416
30455361
18614019
30322949
22150303
18202412
28626802
18695255
30514066
2457153
23086750
8939931
27556513
11058077
20694012
26508027
23958745
22285168
22145905
14988562
7997270
20095042
29358183
29093528
26951227
23292937
29596783
27717299
25510282
17200668
28481359
12835718
9734785
30113886
28572459
22837387
17466625
27815723
19321346
21857646
29457796
24762438
20340136
22000856
28369373
17401432
16150941
17687332
18344018
9159168
25092538
18836480
15256420
26731516
21822264
9724795
21804550
22919025
10734189
1250976
22753902
26674132
24656806
14600025
16828711
28183850
12509764
21765642
3510078
8197168
28408900
21807500
20054297
29728305
12271141
28916367
24320889
26278786
27751729
21577205
27226234
10368776
22578774
23831922
27797976
22873531
21730189
26807692
26943773
28348108
30138727
22508544
23263657
27350755
16204070
19330029
27077763
26296701
1851123
16116477
22855604
24803582
22424619
25450649
28891408
29899831
24676636
22778948
9438854
20676058
17064846
23933591
16533766
24894453
28151717
29348366
22885298
23396305
12799427
22114072
28344857
9989983
17959722
29753091
26283374
12791985
24923295
23926303
29755111
23391514
30742119
19016725
22685175
27905446
3281256
28724664
19732775
21130701
10556216
24145436
16254601
19557653
16489069
25214041
1310350
27932483
21771581
27462415
27226433
21821141
29669243
23609194
29466755
25239188
29877251
15834506
9192873
23029227
28295222
24220272
19797729
29619119
26729571
25719666
23508805
23181448
12807733
24651013
9590181
22751113
23763999
25836588
25428262
25568876
29930011
25014773
18757741
27530658
28283584
29112714
10713666
30112706
28500233
22897849
16413925
25065885
24020000
25349305
28363999
23841729
24597984
12123582
22389253
16014569
23540692
21248752
15858187
15613472
20624957
30215037
19414388
9302992
24652989
28758283
20639862
17349580
25452615
26676635
22464321
23687089
19171880
9887101
8652557
20414347
22941188
25401981
27870574
26668133
30275952
18068628
22186996
28302137
21251164
15949569
27147599
28679771
30505655
28075662
22249190
19290919
27810920
27308358
27343443
21984976
28541439
9401073
29636477
24240169
24864265
11027336
28504718
21990134
28079255
28976962
17290219
20127948
23915189
24297863
21111786
25240281
28234347
10862767
26512707
221205248022486
24686846
28103578
24319184
21600039
29740198
8145823
29498635
29844126
18354415
21173122
27959929
8090225
29989854
25273096
24810113
25589618
22584210
10706084
26056182
25482530
22871572
27145721
29296924
28274670
27449971
28551329
9859997
22065083
23144074
9628876
30285518
16826225
26135667
19221039
9096349
30327302
30284706
18644871
22158538
25381393
24633898
21720382
22872859
23468591
24651015
15147274
24074787
26028255
26384138
9116297
17957027
24325356
15928679
25516983
19595722
12517792
23660011
28232778
28295194
15930272
27427153
1495996
30951652
26891877
11477665
23691483
16625203
9202125
9031081
22722829
27495310
29693246
16807408
26923342
8906787
11978792
149599
22733026
2951597
21577323
12040186
25678856
23481206
27902925
23999441
28533432
16630818
24222112
28546758
28619981
20930833
21796119
23957426
11733144
27046831
19596236
24931610
23085373
8033212
23538418
9219684
29137230
24205792
16076867
29740032
25265494
22025144
11994402
19915146
28644114
10342556
29489427
22839530
23404247
12403812
9724771
25288723
10468583
20805357
12717436
22722925
28521175
24024839
1833068
9458045
18602572
15977174
27435003
26481524
21889194
24335104
11136261
19325558
25322874
28980701
28759003
25688404
28487884
24490049
18957201
25057888
12606733
25887776
28711227
25287827
23840896
17517660
28130413
25099575
29643185
16474405
25252692
22077063
22180178
17535970
28393832
9560339
8493579
25490895
22564439
22066015
15695387
14506254
29221126
16187797
26161668
16685647
30542790
29776910
10433620
30514704
11734544
25493954
26069883
16912195
19874578
10353779
12359723
25399551
7521686
24938228
22955915
24880125
20625116
28958291
27595995
12063393
24493299
26343386
9214632
29337181
25058373
25182132
9525876
24879340
11533444
27512117
19064407
28687581
29773717
23761041
27488531
23208470
17209057
9103196
24658273
18284688
18316791
17287723
21248786
22569528
27870571
18390968
11082038
25695690
21567923
11099028
26637365
10691865
26220714
23344264
29941010
22315494
22187320
20179713
28882436
29439184
23631653
23825065
10102267
22147895
14737121
23175444
26633560
19798694
30349055
21979307
18286234
10064597
25686748
26824983
11714680
24561444
23731180
24122810
28331128
23436734
21079801
20858716
1655277
23220880
29899830
12845657
25189416
25294908
30967619
25412659
23980151
1707345
15761466
31359240
18452090
12640452
22915647
27312238
20508609
24518248
21148330
25722381
22079189
28439883
12917691
20013787
18767981
26506234
15001769
21605429
22116554
23313955
20871217
27069254
28790064
17851529
1648180
25873077
30148988
29966370
26601784
11452114
22436456
21511239
25616555
28873367
19688129
24648345
23467301
29973670
12552102
26324363
10984057
21670448
24367103
26863187
21998214
16950772
29113963
26837699
29342970
8206890
7678994
28607179
7888665
23787160
17597205
11544529
21390130
30013825
27987585
19602687
25169980
27283171
27253664
8565075
27531699
16934801
24843002
15620353
14699129
16136382
23103841
15920487
24788409
12185076
2121370
12757710
25342597
17646409
7585606
25366685
26585234
29880043
18804418
19289468
7862533
1765375
25631445
21465478
17611497
10816416
11384978
10197587
19671661
23318459
18215522
25412851
26451047
26483756
28614910
11248806
15955811
26517239
21326614
15850461
22237151
29853601
20818439
26776161
21418177
23453860
28280994
30359545
16314388
12351377
29625048
27626069
19581523
25044415
25155261
25055137
19029956
27588951
16834459
2833705
24563539
24086042
26071189
18172190
18182175
29061914
26853466
28228601
16043828
20870410
10521509
30121009
26510020
23911322
5990522
12351790
27726232
28986033
26690923
25539924
23792563
8986719
22987117
17053833
8968742
29891488
27602765
20352044
20412772
18854157
28439110
24043625
28838393
8261393
24659638
14515139
17688945
24322982
22891273
18806873
19509056
11057902
3322939
8114703
27980696
23411347
23640210
9579555
11051241
9885206
27075355
16138117
20978130
20467426
25023197
19112489
22270953
22144684
23486531
24705253
16597617
12917690
27913501
21784131
26565915
30745320
18358930
1388095
29533785
26567701
15629458
9230442
9573030
12559562
27939641
26261309
18338330
21068722
26239249
17925405
22012619
21415852
17624602
19723643
16118227
10781066
20949621
20435884
28819011
7655020
18565881
18662538
24457600
29420467
22422578
12194987
20616797
22312502
8274399
24332717
21873235
10454544
26366712
26245647
24606147
26698230
25196364
11391795
16109376
22873530
23474763
22319033
12432268
30782609
29622463
25984556
23685749
17488663
6616621
18804090
24746704
26527279
19015127
24857548
12414623
21266718
25609089
24498230
11717427
28725226
23180760
26627007
10712197
7652557
20887958
28179481
8617200
27657132
24162788
10935639
3311216
27859010
22036564
21356346
27224912
16109776
12668657
11009421
27818134
10378696
27733013
8797827
21041408
18951446
25207766
20729832
24141787
17013389
24903481
21813447
21909114
26126547
29449575
22131879
11840325
25072962
17974916
20137953
18281475
23255406
23023713
15125833
30649490
24277457
28159833
11840326
16790693
11278692
21571596
9256433
15258597
23487024
7538118
23219553
27234562
12508243
17420451
12364621
22162831
19596235
28673861
29211475
22150309
26633542
27523909
25891077
23736028
19779621
1655749
10866302
27276561
29998084
19304957
27105323
25759019
17934067
22617422
23836557
26989201
17847007
23538866
17446348
24724051
22832583
20843246
22240200
23926199
12393466
15067053
23580382
23670296
22234689
28279176
22871473
26316891
30341082
24613357
26663363
23875803
11823486
22575234
24656771
8033210
26075074
18573086
23790005
25257310
19818708
9215690
20685856
15184403
21689725
26508575
24649346
16494995
30073210
9727977
26578684
30399449
24338270
20843316
23211040
28614790
29033456
22370314
26228814
26437366
11001584
25038584
25241285
19881536
24072884
11121055
29618788
21760596
29358618
22589270
26395553
15726496
22236196
25533676
20543203
16245927
27149842
17373658
16827139
29242635
29568677
21482694
28771672
17072306
1281417
10347231
21144835
29162862
12899714
16949823
24146823
21324920
22187960
24869598
30562755
22683711
30194140
8602530
22718121
30609789
22440753
28250006
11242052
19234488
26902849
29233825
26647218
12070004
20140953
23817809
28030802
19892943
27825110
21118969
28625643
15035987
23576677
12917689
9053308
23601239
28017968
10963601
23859481
26812887
19282830
19629070
29573941
21752896
31452792
24072100
21892162
20385793
18084252
23132766
27036158
11230485
22891276
23582323
25224413
30419952
30026314
19154138
22318203
30510140
29625050
27028764
29932905
17178827
18838687
24085226
29925010
24618081
19345118
21599493
24212482
2896335
31118680
23264849
28473624
8104532
14644997
22533337
27834397
25620564
11955446
29917141
9030545
25176334
19509418
19595721
22358457
10230790
20861166
17581577
25851935
17190600
12951584
22682243
31201358
16982695
27890934
11988088
9390557
20308328
25584008
24067137
15525939
10524622
